6310
44624
12628
35862
54688
48564
19566
47345
39909
34216
39498
19348
45655
63865
30491
44499
43467
28531
58992
49604
56984
53459
7938
18937
64207
32567
40526
13249
11194
6585
29760
4989
57182
6327
63787
27321
8857
32471
25775
65284
44030
17412
12773
32423
25433
19522
1937
28354
49066
40155
4501
19434
44594
34361
42600
27883
14933
54461
30586
34148
53472
1640
55566
11629
32472
31611
19707
2876
52619
40080
1664
48414
2240
50719
41936
27761
37189
14249
40722
42683
62384
22642
45962
16330
31095
60605
36828
16472
53092
43387
2843
20195
47323
18723
49826
17961
114
30659
37401
25686
26067
48607
63640
25024
64352
58942
58569
60486
40260
6720
61865
16164
7354
18186
11578
31954
44610
64522
40235
56167
48669
19847
56068
51744
46130
54201
1075
51864
28036
23911
33386
32795
24115
39873
47338
19761
55609
61622
47848
64019
58357
43464
55697
12140
6203
39677
3206
54988
20803
4405
8471
38681
29697
1031
55912
62896
25326
59056
4730
5849
48606
20707
49262
32829
10477
21577
1872
38882
34688
54825
2286
16602
33475
54911
52509
60844
19260
39589
46803
44706
21651
10835
34942
12583
44584
9698
8102
50146
1140
27926
51235
21350
35647
21062
14413
60240
26842
44719
3380
45520
25602
24240
34442
3639
53823
49016
37288
55367
10321
18374
8334
5154
17236
21253
49283
2024
1152
34161
17171
62145
15451
43351
42797
35638
2512
42281
52702
49930
46984
53346
41534
23266
4826
56848
26024
12001
5503
14314
43893
6288
14999
43015
4537
61628
49734
49676
63930
61233
39427
37682
60097
3345
19530
45832
5981
31453
50589
6556
55218
58246
32849
58140
11770
29777
45360
59628
25782
13356
56946
23936
2724
32359
13737
11872
30583
47942
25955
10205
18514
7732
29171
50042
845
5207
17104
17855
8614
39090
42257
46620
59166
11142
28792
11248
42626
11015
60654
35576
52723
41614
42813
49071
29971
54495
35485
50574
17043
13502
23163
44593
41277
46698
59922
46374
9642
21463
40768
24804
10382
54765
45166
17027
23877
60853
64574
4961
11306
64256
33149
32296
58291
35098
8341
38917
11597
12255
514
64387
21257
44557
26826
10391
46171
25453
55775
39247
43491
56472
60039
14464
7583
39115
7753
13304
19747
10986
30977
40560
49707
2990
39295
58084
14768
523
46362
37756
22132
45764
56016
52699
61589
22214
50582
62983
9124
37853
54989
23545
59120
10854
50443
63250
46028
28592
9472
31206
10900
5478
19541
55472
42056
25944
38281
63803
31567
7231
49580
44235
38183
20480
61036
38731
20536
5356
15813
4981
38741
52037
7552
3529
8055
29139
59778
53344
3804
64840
4410
44012
50784
23835
45082
44888
47486
32642
47066
23314
7915
44474
715
38844
28017
449
22940
40470
42693
26032
13434
57182
12052
36086
40962
3763
39833
5943
42187
58697
28631
40363
8541
6346
5959
50412
35740
48468
41897
43080
13594
14170
34335
36653
46832
15737
56751
64401
10884
50043
18538
50998
63152
3681
53279
24561
47365
31151
28608
52921
17100
30872
24173
17531
42504
13915
20487
33006
57768
34903
60466
50372
10766
3646
2835
49265
62946
51680
46718
21750
37789
54313
21816
11094
58318
20683
53363
27587
1045
20840
28770
58696
61511
62674
53086
5132
59279
62082
49770
56747
21419
44782
52662
60015
63065
28247
31424
62991
48406
51668
12192
44311
9139
63925
29362
62301
60233
10541
32503
11881
56021
60914
53968
12964
37306
17167
51179
11648
20593
25886
3915
45158
14789
34706
6833
20868
31791
13021
31809
4029
12551
55955
14827
18267
33499
52484
4689
62672
57143
29676
2216
52020
63292
11128
64255
13404
3889
62148
65080
14829
23769
25338
9126
4183
53227
45241
49450
8289
50454
49885
25878
63460
37773
27138
3631
8462
13423
35268
50452
1839
7151
8148
15040
29350
47818
55792
63055
53715
38185
45725
63164
11388
53009
29121
33437
55539
63482
4585
27481
36840
35737
53604
64117
27681
28475
2053
31010
32770
56842
58074
7172
39604
1182
38825
41442
25435
39622
60878
9050
18752
19042
39496
7848
48528
43263
40176
23684
29997
4310
52680
48469
59620
10758
7864
40845
11972
30649
51402
25675
31280
37757
63445
38338
55322
54499
23738
34369
996
12661
61877
34491
50606
64192
50507
25426
7906
27297
43973
62188
29621
25217
42290
44987
55910
28201
47747
28885
8535
40731
14372
7145
63066
42958
60258
6417
51544
18283
21105
17615
38317
29782
14629
19672
7683
14111
48853
50846
26788
5505
14390
51628
25661
40760
19270
34650
43309
53763
18187
52309
51227
57404
24019
53728
42413
33582
39610
31839
2922
37255
15080
34146
224
36699
21558
63659
15615
27185
16017
28777
16298
30007
9951
9449
32186
63879
10877
59867
47109
39302
48484
50927
46734
15899
21214
56737
30312
65015
63001
39500
35086
13257
58490
52706
14658
58659
17473
49040
45630
25173
46710
48371
13441
11485
65524
21540
36260
20332
6839
36718
59688
21837
12955
3754
25835
30767
59362
14614
65395
49313
31273
29498
48778
8093
34899
62065
48155
46134
61847
37388
60474
53364
12697
51273
23450
2441
43319
19010
45116
60009
34897
4465
22689
19033
7664
47609
61100
62408
56419
47751
25870
10433
19070
56276
1640
45539
55812
58003
42771
57659
25138
20886
39758
15322
1026
63149
40552
6603
228
661
20940
21666
35893
22043
61359
16072
40963
33803
14862
23140
10015
35725
13928
13056
27900
14486
28481
650
18453
21341
59415
26167
12647
45923
48567
60173
52091
64003
17794
2597
55722
13030
63719
49909
29933
6439
20774
11153
19211
62991
2190
27915
53090
23794
50248
59927
42581
50777
39541
2343
60823
50842
1594
59073
51351
20528
54422
16812
16740
54331
15301
18053
55191
51842
22958
37911
16565
4476
40657
21309
60416
64898
28787
36008
55122
55203
28845
56006
30578
61408
9206
5778
46260
28409
920
59714
55522
24843
49653
4935
23937
22199
35450
24764
44555
48706
12818
25771
34955
13275
38869
15778
54486
28534
16199
30563
46922
51861
30573
3280
48104
12379
4867
9089
10819
28981
55351
13611
38360
43295
53186
27446
18900
40633
36464
15358
16047
41362
28434
14429
23619
37506
36879
6300
10152
63709
50528
47870
59938
38321
45020
247
26989
760
54255
29726
33370
572
1511
54834
12591
3193
24536
18808
42853
3789
26150
32088
6495
35970
6915
14332
36761
23006
49277
